[
    {
        "main/loss": 1.9987527534479985,
        "main/accuracy": 0.2280011189258312,
        "validation/main/loss": 1.7619481811040565,
        "validation/main/accuracy": 0.3248615506329114,
        "epoch": 1,
        "iteration": 391,
        "elapsed_time": 29.084508589000507
    }
]